1.000 0.000 0.000 -0.000 0 -180
1.000 0.000 0.034 -0.259 0 -165
1.000 0.000 0.134 -0.500 0 -150
1.000 0.000 0.293 -0.707 0 -135
1.000 0.000 0.500 -0.866 0 -120
1.000 0.000 0.741 -0.966 0 -105
1.000 0.000 1.000 -1.000 0 -90
1.000 0.000 1.259 -0.966 0 -75
1.000 0.000 1.500 -0.866 0 -60
1.000 0.000 1.707 -0.707 0 -45
1.000 0.000 1.866 -0.500 0 -30
1.000 0.000 1.966 -0.259 0 -15
1.000 0.000 2.000 0.000 0 0
1.000 0.000 1.966 0.259 0 15
1.000 0.000 1.866 0.500 0 30
1.000 0.000 1.707 0.707 0 45
1.000 0.000 1.500 0.866 0 60
1.000 0.000 1.259 0.966 0 75
1.000 0.000 1.000 1.000 0 90
1.000 0.000 0.741 0.966 0 105
1.000 0.000 0.500 0.866 0 120
1.000 0.000 0.293 0.707 0 135
1.000 0.000 0.134 0.500 0 150
1.000 0.000 0.034 0.259 0 165
1.000 0.000 0.000 0.000 0 180
0.966 0.259 0.000 -0.000 15 -180
0.966 0.259 0.100 -0.241 15 -165
0.966 0.259 0.259 -0.448 15 -150
0.966 0.259 0.466 -0.607 15 -135
0.966 0.259 0.707 -0.707 15 -120
0.966 0.259 0.966 -0.741 15 -105
0.966 0.259 1.225 -0.707 15 -90
0.966 0.259 1.466 -0.607 15 -75
0.966 0.259 1.673 -0.448 15 -60
0.966 0.259 1.832 -0.241 15 -45
0.966 0.259 1.932 0.000 15 -30
0.966 0.259 1.966 0.259 15 -15
0.966 0.259 1.932 0.518 15 0
0.966 0.259 1.832 0.759 15 15
0.966 0.259 1.673 0.966 15 30
0.966 0.259 1.466 1.125 15 45
0.966 0.259 1.225 1.225 15 60
0.966 0.259 0.966 1.259 15 75
0.966 0.259 0.707 1.225 15 90
0.966 0.259 0.466 1.125 15 105
0.966 0.259 0.259 0.966 15 120
0.966 0.259 0.100 0.759 15 135
0.966 0.259 0.000 0.518 15 150
0.966 0.259 -0.034 0.259 15 165
0.966 0.259 -0.000 0.000 15 180
0.866 0.500 0.000 -0.000 30 -180
0.866 0.500 0.159 -0.207 30 -165
0.866 0.500 0.366 -0.366 30 -150
0.866 0.500 0.607 -0.466 30 -135
0.866 0.500 0.866 -0.500 30 -120
0.866 0.500 1.125 -0.466 30 -105
0.866 0.500 1.366 -0.366 30 -90
0.866 0.500 1.573 -0.207 30 -75
0.866 0.500 1.732 -0.000 30 -60
0.866 0.500 1.832 0.241 30 -45
0.866 0.500 1.866 0.500 30 -30
0.866 0.500 1.832 0.759 30 -15
0.866 0.500 1.732 1.000 30 0
0.866 0.500 1.573 1.207 30 15
0.866 0.500 1.366 1.366 30 30
0.866 0.500 1.125 1.466 30 45
0.866 0.500 0.866 1.500 30 60
0.866 0.500 0.607 1.466 30 75
0.866 0.500 0.366 1.366 30 90
0.866 0.500 0.159 1.207 30 105
0.866 0.500 0.000 1.000 30 120
0.866 0.500 -0.100 0.759 30 135
0.866 0.500 -0.134 0.500 30 150
0.866 0.500 -0.100 0.241 30 165
0.866 0.500 -0.000 0.000 30 180
0.707 0.707 0.000 -0.000 45 -180
0.707 0.707 0.207 -0.159 45 -165
0.707 0.707 0.448 -0.259 45 -150
0.707 0.707 0.707 -0.293 45 -135
0.707 0.707 0.966 -0.259 45 -120
0.707 0.707 1.207 -0.159 45 -105
0.707 0.707 1.414 -0.000 45 -90
0.707 0.707 1.573 0.207 45 -75
0.707 0.707 1.673 0.448 45 -60
0.707 0.707 1.707 0.707 45 -45
0.707 0.707 1.673 0.966 45 -30
0.707 0.707 1.573 1.207 45 -15
0.707 0.707 1.414 1.414 45 0
0.707 0.707 1.207 1.573 45 15
0.707 0.707 0.966 1.673 45 30
0.707 0.707 0.707 1.707 45 45
0.707 0.707 0.448 1.673 45 60
0.707 0.707 0.207 1.573 45 75
0.707 0.707 0.000 1.414 45 90
0.707 0.707 -0.159 1.207 45 105
0.707 0.707 -0.259 0.966 45 120
0.707 0.707 -0.293 0.707 45 135
0.707 0.707 -0.259 0.448 45 150
0.707 0.707 -0.159 0.207 45 165
0.707 0.707 -0.000 0.000 45 180
0.500 0.866 0.000 -0.000 60 -180
0.500 0.866 0.241 -0.100 60 -165
0.500 0.866 0.500 -0.134 60 -150
0.500 0.866 0.759 -0.100 60 -135
0.500 0.866 1.000 0.000 60 -120
0.500 0.866 1.207 0.159 60 -105
0.500 0.866 1.366 0.366 60 -90
0.500 0.866 1.466 0.607 60 -75
0.500 0.866 1.500 0.866 60 -60
0.500 0.866 1.466 1.125 60 -45
0.500 0.866 1.366 1.366 60 -30
0.500 0.866 1.207 1.573 60 -15
0.500 0.866 1.000 1.732 60 0
0.500 0.866 0.759 1.832 60 15
0.500 0.866 0.500 1.866 60 30
0.500 0.866 0.241 1.832 60 45
0.500 0.866 0.000 1.732 60 60
0.500 0.866 -0.207 1.573 60 75
0.500 0.866 -0.366 1.366 60 90
0.500 0.866 -0.466 1.125 60 105
0.500 0.866 -0.500 0.866 60 120
0.500 0.866 -0.466 0.607 60 135
0.500 0.866 -0.366 0.366 60 150
0.500 0.866 -0.207 0.159 60 165
0.500 0.866 -0.000 0.000 60 180
0.259 0.966 0.000 0.000 75 -180
0.259 0.966 0.259 -0.034 75 -165
0.259 0.966 0.518 0.000 75 -150
0.259 0.966 0.759 0.100 75 -135
0.259 0.966 0.966 0.259 75 -120
0.259 0.966 1.125 0.466 75 -105
0.259 0.966 1.225 0.707 75 -90
0.259 0.966 1.259 0.966 75 -75
0.259 0.966 1.225 1.225 75 -60
0.259 0.966 1.125 1.466 75 -45
0.259 0.966 0.966 1.673 75 -30
0.259 0.966 0.759 1.832 75 -15
0.259 0.966 0.518 1.932 75 0
0.259 0.966 0.259 1.966 75 15
0.259 0.966 0.000 1.932 75 30
0.259 0.966 -0.241 1.832 75 45
0.259 0.966 -0.448 1.673 75 60
0.259 0.966 -0.607 1.466 75 75
0.259 0.966 -0.707 1.225 75 90
0.259 0.966 -0.741 0.966 75 105
0.259 0.966 -0.707 0.707 75 120
0.259 0.966 -0.607 0.466 75 135
0.259 0.966 -0.448 0.259 75 150
0.259 0.966 -0.241 0.100 75 165
0.259 0.966 -0.000 0.000 75 180
0.000 1.000 0.000 0.000 90 -180
0.000 1.000 0.259 0.034 90 -165
0.000 1.000 0.500 0.134 90 -150
0.000 1.000 0.707 0.293 90 -135
0.000 1.000 0.866 0.500 90 -120
0.000 1.000 0.966 0.741 90 -105
0.000 1.000 1.000 1.000 90 -90
0.000 1.000 0.966 1.259 90 -75
0.000 1.000 0.866 1.500 90 -60
0.000 1.000 0.707 1.707 90 -45
0.000 1.000 0.500 1.866 90 -30
0.000 1.000 0.259 1.966 90 -15
0.000 1.000 0.000 2.000 90 0
0.000 1.000 -0.259 1.966 90 15
0.000 1.000 -0.500 1.866 90 30
0.000 1.000 -0.707 1.707 90 45
0.000 1.000 -0.866 1.500 90 60
0.000 1.000 -0.966 1.259 90 75
0.000 1.000 -1.000 1.000 90 90
0.000 1.000 -0.966 0.741 90 105
0.000 1.000 -0.866 0.500 90 120
0.000 1.000 -0.707 0.293 90 135
0.000 1.000 -0.500 0.134 90 150
0.000 1.000 -0.259 0.034 90 165
0.000 1.000 -0.000 0.000 90 180
-0.259 0.966 0.000 0.000 105 -180
-0.259 0.966 0.241 0.100 105 -165
-0.259 0.966 0.448 0.259 105 -150
-0.259 0.966 0.607 0.466 105 -135
-0.259 0.966 0.707 0.707 105 -120
-0.259 0.966 0.741 0.966 105 -105
-0.259 0.966 0.707 1.225 105 -90
-0.259 0.966 0.607 1.466 105 -75
-0.259 0.966 0.448 1.673 105 -60
-0.259 0.966 0.241 1.832 105 -45
-0.259 0.966 -0.000 1.932 105 -30
-0.259 0.966 -0.259 1.966 105 -15
-0.259 0.966 -0.518 1.932 105 0
-0.259 0.966 -0.759 1.832 105 15
-0.259 0.966 -0.966 1.673 105 30
-0.259 0.966 -1.125 1.466 105 45
-0.259 0.966 -1.225 1.225 105 60
-0.259 0.966 -1.259 0.966 105 75
-0.259 0.966 -1.225 0.707 105 90
-0.259 0.966 -1.125 0.466 105 105
-0.259 0.966 -0.966 0.259 105 120
-0.259 0.966 -0.759 0.100 105 135
-0.259 0.966 -0.518 0.000 105 150
-0.259 0.966 -0.259 -0.034 105 165
-0.259 0.966 -0.000 0.000 105 180
-0.500 0.866 0.000 0.000 120 -180
-0.500 0.866 0.207 0.159 120 -165
-0.500 0.866 0.366 0.366 120 -150
-0.500 0.866 0.466 0.607 120 -135
-0.500 0.866 0.500 0.866 120 -120
-0.500 0.866 0.466 1.125 120 -105
-0.500 0.866 0.366 1.366 120 -90
-0.500 0.866 0.207 1.573 120 -75
-0.500 0.866 0.000 1.732 120 -60
-0.500 0.866 -0.241 1.832 120 -45
-0.500 0.866 -0.500 1.866 120 -30
-0.500 0.866 -0.759 1.832 120 -15
-0.500 0.866 -1.000 1.732 120 0
-0.500 0.866 -1.207 1.573 120 15
-0.500 0.866 -1.366 1.366 120 30
-0.500 0.866 -1.466 1.125 120 45
-0.500 0.866 -1.500 0.866 120 60
-0.500 0.866 -1.466 0.607 120 75
-0.500 0.866 -1.366 0.366 120 90
-0.500 0.866 -1.207 0.159 120 105
-0.500 0.866 -1.000 0.000 120 120
-0.500 0.866 -0.759 -0.100 120 135
-0.500 0.866 -0.500 -0.134 120 150
-0.500 0.866 -0.241 -0.100 120 165
-0.500 0.866 -0.000 -0.000 120 180
-0.707 0.707 0.000 0.000 135 -180
-0.707 0.707 0.159 0.207 135 -165
-0.707 0.707 0.259 0.448 135 -150
-0.707 0.707 0.293 0.707 135 -135
-0.707 0.707 0.259 0.966 135 -120
-0.707 0.707 0.159 1.207 135 -105
-0.707 0.707 0.000 1.414 135 -90
-0.707 0.707 -0.207 1.573 135 -75
-0.707 0.707 -0.448 1.673 135 -60
-0.707 0.707 -0.707 1.707 135 -45
-0.707 0.707 -0.966 1.673 135 -30
-0.707 0.707 -1.207 1.573 135 -15
-0.707 0.707 -1.414 1.414 135 0
-0.707 0.707 -1.573 1.207 135 15
-0.707 0.707 -1.673 0.966 135 30
-0.707 0.707 -1.707 0.707 135 45
-0.707 0.707 -1.673 0.448 135 60
-0.707 0.707 -1.573 0.207 135 75
-0.707 0.707 -1.414 0.000 135 90
-0.707 0.707 -1.207 -0.159 135 105
-0.707 0.707 -0.966 -0.259 135 120
-0.707 0.707 -0.707 -0.293 135 135
-0.707 0.707 -0.448 -0.259 135 150
-0.707 0.707 -0.207 -0.159 135 165
-0.707 0.707 -0.000 -0.000 135 180
-0.866 0.500 0.000 0.000 150 -180
-0.866 0.500 0.100 0.241 150 -165
-0.866 0.500 0.134 0.500 150 -150
-0.866 0.500 0.100 0.759 150 -135
-0.866 0.500 -0.000 1.000 150 -120
-0.866 0.500 -0.159 1.207 150 -105
-0.866 0.500 -0.366 1.366 150 -90
-0.866 0.500 -0.607 1.466 150 -75
-0.866 0.500 -0.866 1.500 150 -60
-0.866 0.500 -1.125 1.466 150 -45
-0.866 0.500 -1.366 1.366 150 -30
-0.866 0.500 -1.573 1.207 150 -15
-0.866 0.500 -1.732 1.000 150 0
-0.866 0.500 -1.832 0.759 150 15
-0.866 0.500 -1.866 0.500 150 30
-0.866 0.500 -1.832 0.241 150 45
-0.866 0.500 -1.732 -0.000 150 60
-0.866 0.500 -1.573 -0.207 150 75
-0.866 0.500 -1.366 -0.366 150 90
-0.866 0.500 -1.125 -0.466 150 105
-0.866 0.500 -0.866 -0.500 150 120
-0.866 0.500 -0.607 -0.466 150 135
-0.866 0.500 -0.366 -0.366 150 150
-0.866 0.500 -0.159 -0.207 150 165
-0.866 0.500 -0.000 -0.000 150 180
-0.966 0.259 0.000 0.000 165 -180
-0.966 0.259 0.034 0.259 165 -165
-0.966 0.259 0.000 0.518 165 -150
-0.966 0.259 -0.100 0.759 165 -135
-0.966 0.259 -0.259 0.966 165 -120
-0.966 0.259 -0.466 1.125 165 -105
-0.966 0.259 -0.707 1.225 165 -90
-0.966 0.259 -0.966 1.259 165 -75
-0.966 0.259 -1.225 1.225 165 -60
-0.966 0.259 -1.466 1.125 165 -45
-0.966 0.259 -1.673 0.966 165 -30
-0.966 0.259 -1.832 0.759 165 -15
-0.966 0.259 -1.932 0.518 165 0
-0.966 0.259 -1.966 0.259 165 15
-0.966 0.259 -1.932 0.000 165 30
-0.966 0.259 -1.832 -0.241 165 45
-0.966 0.259 -1.673 -0.448 165 60
-0.966 0.259 -1.466 -0.607 165 75
-0.966 0.259 -1.225 -0.707 165 90
-0.966 0.259 -0.966 -0.741 165 105
-0.966 0.259 -0.707 -0.707 165 120
-0.966 0.259 -0.466 -0.607 165 135
-0.966 0.259 -0.259 -0.448 165 150
-0.966 0.259 -0.100 -0.241 165 165
-0.966 0.259 -0.000 -0.000 165 180
-1.000 0.000 0.000 0.000 180 -180
-1.000 0.000 -0.034 0.259 180 -165
-1.000 0.000 -0.134 0.500 180 -150
-1.000 0.000 -0.293 0.707 180 -135
-1.000 0.000 -0.500 0.866 180 -120
-1.000 0.000 -0.741 0.966 180 -105
-1.000 0.000 -1.000 1.000 180 -90
-1.000 0.000 -1.259 0.966 180 -75
-1.000 0.000 -1.500 0.866 180 -60
-1.000 0.000 -1.707 0.707 180 -45
-1.000 0.000 -1.866 0.500 180 -30
-1.000 0.000 -1.966 0.259 180 -15
-1.000 0.000 -2.000 0.000 180 0
-1.000 0.000 -1.966 -0.259 180 15
-1.000 0.000 -1.866 -0.500 180 30
-1.000 0.000 -1.707 -0.707 180 45
-1.000 0.000 -1.500 -0.866 180 60
-1.000 0.000 -1.259 -0.966 180 75
-1.000 0.000 -1.000 -1.000 180 90
-1.000 0.000 -0.741 -0.966 180 105
-1.000 0.000 -0.500 -0.866 180 120
-1.000 0.000 -0.293 -0.707 180 135
-1.000 0.000 -0.134 -0.500 180 150
-1.000 0.000 -0.034 -0.259 180 165
-1.000 0.000 -0.000 -0.000 180 180
-0.966 -0.259 -0.000 0.000 195 -180
-0.966 -0.259 -0.100 0.241 195 -165
-0.966 -0.259 -0.259 0.448 195 -150
-0.966 -0.259 -0.466 0.607 195 -135
-0.966 -0.259 -0.707 0.707 195 -120
-0.966 -0.259 -0.966 0.741 195 -105
-0.966 -0.259 -1.225 0.707 195 -90
-0.966 -0.259 -1.466 0.607 195 -75
-0.966 -0.259 -1.673 0.448 195 -60
-0.966 -0.259 -1.832 0.241 195 -45
-0.966 -0.259 -1.932 0.000 195 -30
-0.966 -0.259 -1.966 -0.259 195 -15
-0.966 -0.259 -1.932 -0.518 195 0
-0.966 -0.259 -1.832 -0.759 195 15
-0.966 -0.259 -1.673 -0.966 195 30
-0.966 -0.259 -1.466 -1.125 195 45
-0.966 -0.259 -1.225 -1.225 195 60
-0.966 -0.259 -0.966 -1.259 195 75
-0.966 -0.259 -0.707 -1.225 195 90
-0.966 -0.259 -0.466 -1.125 195 105
-0.966 -0.259 -0.259 -0.966 195 120
-0.966 -0.259 -0.100 -0.759 195 135
-0.966 -0.259 -0.000 -0.518 195 150
-0.966 -0.259 0.034 -0.259 195 165
-0.966 -0.259 0.000 -0.000 195 180
-0.866 -0.500 -0.000 0.000 210 -180
-0.866 -0.500 -0.159 0.207 210 -165
-0.866 -0.500 -0.366 0.366 210 -150
-0.866 -0.500 -0.607 0.466 210 -135
-0.866 -0.500 -0.866 0.500 210 -120
-0.866 -0.500 -1.125 0.466 210 -105
-0.866 -0.500 -1.366 0.366 210 -90
-0.866 -0.500 -1.573 0.207 210 -75
-0.866 -0.500 -1.732 -0.000 210 -60
-0.866 -0.500 -1.832 -0.241 210 -45
-0.866 -0.500 -1.866 -0.500 210 -30
-0.866 -0.500 -1.832 -0.759 210 -15
-0.866 -0.500 -1.732 -1.000 210 0
-0.866 -0.500 -1.573 -1.207 210 15
-0.866 -0.500 -1.366 -1.366 210 30
-0.866 -0.500 -1.125 -1.466 210 45
-0.866 -0.500 -0.866 -1.500 210 60
-0.866 -0.500 -0.607 -1.466 210 75
-0.866 -0.500 -0.366 -1.366 210 90
-0.866 -0.500 -0.159 -1.207 210 105
-0.866 -0.500 0.000 -1.000 210 120
-0.866 -0.500 0.100 -0.759 210 135
-0.866 -0.500 0.134 -0.500 210 150
-0.866 -0.500 0.100 -0.241 210 165
-0.866 -0.500 0.000 -0.000 210 180
-0.707 -0.707 -0.000 0.000 225 -180
-0.707 -0.707 -0.207 0.159 225 -165
-0.707 -0.707 -0.448 0.259 225 -150
-0.707 -0.707 -0.707 0.293 225 -135
-0.707 -0.707 -0.966 0.259 225 -120
-0.707 -0.707 -1.207 0.159 225 -105
-0.707 -0.707 -1.414 0.000 225 -90
-0.707 -0.707 -1.573 -0.207 225 -75
-0.707 -0.707 -1.673 -0.448 225 -60
-0.707 -0.707 -1.707 -0.707 225 -45
-0.707 -0.707 -1.673 -0.966 225 -30
-0.707 -0.707 -1.573 -1.207 225 -15
-0.707 -0.707 -1.414 -1.414 225 0
-0.707 -0.707 -1.207 -1.573 225 15
-0.707 -0.707 -0.966 -1.673 225 30
-0.707 -0.707 -0.707 -1.707 225 45
-0.707 -0.707 -0.448 -1.673 225 60
-0.707 -0.707 -0.207 -1.573 225 75
-0.707 -0.707 -0.000 -1.414 225 90
-0.707 -0.707 0.159 -1.207 225 105
-0.707 -0.707 0.259 -0.966 225 120
-0.707 -0.707 0.293 -0.707 225 135
-0.707 -0.707 0.259 -0.448 225 150
-0.707 -0.707 0.159 -0.207 225 165
-0.707 -0.707 0.000 -0.000 225 180
-0.500 -0.866 -0.000 0.000 240 -180
-0.500 -0.866 -0.241 0.100 240 -165
-0.500 -0.866 -0.500 0.134 240 -150
-0.500 -0.866 -0.759 0.100 240 -135
-0.500 -0.866 -1.000 0.000 240 -120
-0.500 -0.866 -1.207 -0.159 240 -105
-0.500 -0.866 -1.366 -0.366 240 -90
-0.500 -0.866 -1.466 -0.607 240 -75
-0.500 -0.866 -1.500 -0.866 240 -60
-0.500 -0.866 -1.466 -1.125 240 -45
-0.500 -0.866 -1.366 -1.366 240 -30
-0.500 -0.866 -1.207 -1.573 240 -15
-0.500 -0.866 -1.000 -1.732 240 0
-0.500 -0.866 -0.759 -1.832 240 15
-0.500 -0.866 -0.500 -1.866 240 30
-0.500 -0.866 -0.241 -1.832 240 45
-0.500 -0.866 -0.000 -1.732 240 60
-0.500 -0.866 0.207 -1.573 240 75
-0.500 -0.866 0.366 -1.366 240 90
-0.500 -0.866 0.466 -1.125 240 105
-0.500 -0.866 0.500 -0.866 240 120
-0.500 -0.866 0.466 -0.607 240 135
-0.500 -0.866 0.366 -0.366 240 150
-0.500 -0.866 0.207 -0.159 240 165
-0.500 -0.866 0.000 -0.000 240 180
-0.259 -0.966 -0.000 0.000 255 -180
-0.259 -0.966 -0.259 0.034 255 -165
-0.259 -0.966 -0.518 -0.000 255 -150
-0.259 -0.966 -0.759 -0.100 255 -135
-0.259 -0.966 -0.966 -0.259 255 -120
-0.259 -0.966 -1.125 -0.466 255 -105
-0.259 -0.966 -1.225 -0.707 255 -90
-0.259 -0.966 -1.259 -0.966 255 -75
-0.259 -0.966 -1.225 -1.225 255 -60
-0.259 -0.966 -1.125 -1.466 255 -45
-0.259 -0.966 -0.966 -1.673 255 -30
-0.259 -0.966 -0.759 -1.832 255 -15
-0.259 -0.966 -0.518 -1.932 255 0
-0.259 -0.966 -0.259 -1.966 255 15
-0.259 -0.966 0.000 -1.932 255 30
-0.259 -0.966 0.241 -1.832 255 45
-0.259 -0.966 0.448 -1.673 255 60
-0.259 -0.966 0.607 -1.466 255 75
-0.259 -0.966 0.707 -1.225 255 90
-0.259 -0.966 0.741 -0.966 255 105
-0.259 -0.966 0.707 -0.707 255 120
-0.259 -0.966 0.607 -0.466 255 135
-0.259 -0.966 0.448 -0.259 255 150
-0.259 -0.966 0.241 -0.100 255 165
-0.259 -0.966 0.000 0.000 255 180
-0.000 -1.000 -0.000 0.000 270 -180
-0.000 -1.000 -0.259 -0.034 270 -165
-0.000 -1.000 -0.500 -0.134 270 -150
-0.000 -1.000 -0.707 -0.293 270 -135
-0.000 -1.000 -0.866 -0.500 270 -120
-0.000 -1.000 -0.966 -0.741 270 -105
-0.000 -1.000 -1.000 -1.000 270 -90
-0.000 -1.000 -0.966 -1.259 270 -75
-0.000 -1.000 -0.866 -1.500 270 -60
-0.000 -1.000 -0.707 -1.707 270 -45
-0.000 -1.000 -0.500 -1.866 270 -30
-0.000 -1.000 -0.259 -1.966 270 -15
-0.000 -1.000 -0.000 -2.000 270 0
-0.000 -1.000 0.259 -1.966 270 15
-0.000 -1.000 0.500 -1.866 270 30
-0.000 -1.000 0.707 -1.707 270 45
-0.000 -1.000 0.866 -1.500 270 60
-0.000 -1.000 0.966 -1.259 270 75
-0.000 -1.000 1.000 -1.000 270 90
-0.000 -1.000 0.966 -0.741 270 105
-0.000 -1.000 0.866 -0.500 270 120
-0.000 -1.000 0.707 -0.293 270 135
-0.000 -1.000 0.500 -0.134 270 150
-0.000 -1.000 0.259 -0.034 270 165
-0.000 -1.000 0.000 0.000 270 180
0.259 -0.966 -0.000 0.000 285 -180
0.259 -0.966 -0.241 -0.100 285 -165
0.259 -0.966 -0.448 -0.259 285 -150
0.259 -0.966 -0.607 -0.466 285 -135
0.259 -0.966 -0.707 -0.707 285 -120
0.259 -0.966 -0.741 -0.966 285 -105
0.259 -0.966 -0.707 -1.225 285 -90
0.259 -0.966 -0.607 -1.466 285 -75
0.259 -0.966 -0.448 -1.673 285 -60
0.259 -0.966 -0.241 -1.832 285 -45
0.259 -0.966 0.000 -1.932 285 -30
0.259 -0.966 0.259 -1.966 285 -15
0.259 -0.966 0.518 -1.932 285 0
0.259 -0.966 0.759 -1.832 285 15
0.259 -0.966 0.966 -1.673 285 30
0.259 -0.966 1.125 -1.466 285 45
0.259 -0.966 1.225 -1.225 285 60
0.259 -0.966 1.259 -0.966 285 75
0.259 -0.966 1.225 -0.707 285 90
0.259 -0.966 1.125 -0.466 285 105
0.259 -0.966 0.966 -0.259 285 120
0.259 -0.966 0.759 -0.100 285 135
0.259 -0.966 0.518 0.000 285 150
0.259 -0.966 0.259 0.034 285 165
0.259 -0.966 0.000 0.000 285 180
0.500 -0.866 -0.000 -0.000 300 -180
0.500 -0.866 -0.207 -0.159 300 -165
0.500 -0.866 -0.366 -0.366 300 -150
0.500 -0.866 -0.466 -0.607 300 -135
0.500 -0.866 -0.500 -0.866 300 -120
0.500 -0.866 -0.466 -1.125 300 -105
0.500 -0.866 -0.366 -1.366 300 -90
0.500 -0.866 -0.207 -1.573 300 -75
0.500 -0.866 0.000 -1.732 300 -60
0.500 -0.866 0.241 -1.832 300 -45
0.500 -0.866 0.500 -1.866 300 -30
0.500 -0.866 0.759 -1.832 300 -15
0.500 -0.866 1.000 -1.732 300 0
0.500 -0.866 1.207 -1.573 300 15
0.500 -0.866 1.366 -1.366 300 30
0.500 -0.866 1.466 -1.125 300 45
0.500 -0.866 1.500 -0.866 300 60
0.500 -0.866 1.466 -0.607 300 75
0.500 -0.866 1.366 -0.366 300 90
0.500 -0.866 1.207 -0.159 300 105
0.500 -0.866 1.000 0.000 300 120
0.500 -0.866 0.759 0.100 300 135
0.500 -0.866 0.500 0.134 300 150
0.500 -0.866 0.241 0.100 300 165
0.500 -0.866 0.000 0.000 300 180
0.707 -0.707 -0.000 -0.000 315 -180
0.707 -0.707 -0.159 -0.207 315 -165
0.707 -0.707 -0.259 -0.448 315 -150
0.707 -0.707 -0.293 -0.707 315 -135
0.707 -0.707 -0.259 -0.966 315 -120
0.707 -0.707 -0.159 -1.207 315 -105
0.707 -0.707 -0.000 -1.414 315 -90
0.707 -0.707 0.207 -1.573 315 -75
0.707 -0.707 0.448 -1.673 315 -60
0.707 -0.707 0.707 -1.707 315 -45
0.707 -0.707 0.966 -1.673 315 -30
0.707 -0.707 1.207 -1.573 315 -15
0.707 -0.707 1.414 -1.414 315 0
0.707 -0.707 1.573 -1.207 315 15
0.707 -0.707 1.673 -0.966 315 30
0.707 -0.707 1.707 -0.707 315 45
0.707 -0.707 1.673 -0.448 315 60
0.707 -0.707 1.573 -0.207 315 75
0.707 -0.707 1.414 -0.000 315 90
0.707 -0.707 1.207 0.159 315 105
0.707 -0.707 0.966 0.259 315 120
0.707 -0.707 0.707 0.293 315 135
0.707 -0.707 0.448 0.259 315 150
0.707 -0.707 0.207 0.159 315 165
0.707 -0.707 0.000 0.000 315 180
0.866 -0.500 -0.000 -0.000 330 -180
0.866 -0.500 -0.100 -0.241 330 -165
0.866 -0.500 -0.134 -0.500 330 -150
0.866 -0.500 -0.100 -0.759 330 -135
0.866 -0.500 -0.000 -1.000 330 -120
0.866 -0.500 0.159 -1.207 330 -105
0.866 -0.500 0.366 -1.366 330 -90
0.866 -0.500 0.607 -1.466 330 -75
0.866 -0.500 0.866 -1.500 330 -60
0.866 -0.500 1.125 -1.466 330 -45
0.866 -0.500 1.366 -1.366 330 -30
0.866 -0.500 1.573 -1.207 330 -15
0.866 -0.500 1.732 -1.000 330 0
0.866 -0.500 1.832 -0.759 330 15
0.866 -0.500 1.866 -0.500 330 30
0.866 -0.500 1.832 -0.241 330 45
0.866 -0.500 1.732 -0.000 330 60
0.866 -0.500 1.573 0.207 330 75
0.866 -0.500 1.366 0.366 330 90
0.866 -0.500 1.125 0.466 330 105
0.866 -0.500 0.866 0.500 330 120
0.866 -0.500 0.607 0.466 330 135
0.866 -0.500 0.366 0.366 330 150
0.866 -0.500 0.159 0.207 330 165
0.866 -0.500 0.000 0.000 330 180
0.966 -0.259 -0.000 -0.000 345 -180
0.966 -0.259 -0.034 -0.259 345 -165
0.966 -0.259 0.000 -0.518 345 -150
0.966 -0.259 0.100 -0.759 345 -135
0.966 -0.259 0.259 -0.966 345 -120
0.966 -0.259 0.466 -1.125 345 -105
0.966 -0.259 0.707 -1.225 345 -90
0.966 -0.259 0.966 -1.259 345 -75
0.966 -0.259 1.225 -1.225 345 -60
0.966 -0.259 1.466 -1.125 345 -45
0.966 -0.259 1.673 -0.966 345 -30
0.966 -0.259 1.832 -0.759 345 -15
0.966 -0.259 1.932 -0.518 345 0
0.966 -0.259 1.966 -0.259 345 15
0.966 -0.259 1.932 0.000 345 30
0.966 -0.259 1.832 0.241 345 45
0.966 -0.259 1.673 0.448 345 60
0.966 -0.259 1.466 0.607 345 75
0.966 -0.259 1.225 0.707 345 90
0.966 -0.259 0.966 0.741 345 105
0.966 -0.259 0.707 0.707 345 120
0.966 -0.259 0.466 0.607 345 135
0.966 -0.259 0.259 0.448 345 150
0.966 -0.259 0.100 0.241 345 165
0.966 -0.259 0.000 0.000 345 180
